100
4 3 10
7 2 9
3 3 9
2 7 12
1 10 9
2 3 5
1 2 2
18 1 4
5 3 11
11 1 5
2 10 5
3 3 5
1 18 4
1 16 12
4 4 14
3 1 1
8 2 6
14 1 6
20 1 6
14 1 3
6 3 5
1 9 7
1 4 2
4 4 10
6 3 17
3 1 3
4 4 15
2 5 9
1 14 3
2 4 2
1 13 9
1 4 3
5 1 5
2 9 1
5 2 3
4 5 16
1 5 5
4 4 10
1 7 4
6 2 11
2 6 4
1 10 9
10 1 1
3 4 11
9 2 17
1 15 3
13 1 5
4 1 1
4 1 3
1 13 4
9 1 1
5 3 5
2 10 6
5 4 8
8 1 2
15 1 5
2 5 2
6 1 1
20 1 3
8 1 3
1 18 8
16 1 4
1 1 1
1 10 9
2 7 4
5 2 8
1 5 3
5 3 6
1 4 3
9 1 6
7 1 6
1 17 6
3 6 17
10 1 10
19 1 8
18 1 14
4 5 14
1 9 8
1 5 5
4 3 1
5 1 3
1 12 4
8 2 9
2 8 9
2 3 1
7 1 3
5 2 8
1 5 1
2 2 3
1 3 3
5 4 10
1 20 4
2 6 1
1 3 1
4 4 12
5 2 6
4 3 2
5 4 14
19 1 15
1 8 6
