100
6 3 1
2 6 3
4 5 14
1 4 4
3 5 14
4 4 10
1 2 2
4 5 16
2 3 6
15 1 13
3 3 4
5 4 9
1 19 2
17 1 13
15 1 15
4 3 10
2 10 5
1 7 6
1 19 4
3 3 5
1 9 8
6 3 14
3 4 8
4 3 12
7 1 1
8 1 7
2 6 11
4 5 16
2 1 2
4 4 15
17 1 17
8 1 3
19 1 1
1 12 8
2 9 11
4 4 10
5 4 10
1 4 4
1 14 11
1 5 5
1 19 14
5 4 20
1 2 2
2 4 2
11 1 9
1 12 12
3 4 4
5 2 2
1 9 7
3 1 2
16 1 7
2 3 4
1 5 1
3 6 9
2 5 8
1 10 6
1 10 8
5 4 14
1 8 3
1 10 5
8 1 6
7 1 1
6 3 4
5 3 11
1 1 1
1 5 5
10 2 5
1 12 5
17 1 11
7 2 4
1 19 3
4 2 5
1 5 5
1 19 7
1 1 1
14 1 8
10 1 7
3 3 9
6 2 11
20 1 20
10 1 4
14 1 14
17 1 5
1 2 2
12 1 9
4 4 12
2 4 7
13 1 6
6 3 7
1 6 1
10 1 3
3 1 3
1 18 4
3 1 2
6 1 3
16 1 7
6 1 3
2 2 3
5 4 1
4 4 14
