100
1 2
00
01
4 7
1000111 1011000 0100010 1011111
0100100 1111011 0010110 0110010
10 10
1101010011 1101001101 1011001100 0010101011 0001011110 0110111010 1101100111 0110100001 1010110100 0000010000
1111010010 1110101010 1001010011 1001111001 0010100100 0110110101 0100001110 0010111111 0101000000 1001001101
2 9
100110010 111101101
000010010 011001101
2 9
110011000 110001001
001011010 001001011
3 7
1111100 0101011 0111011
0010000 0010101 0100101
7 4
1100 0101 0010 0111 0011 1110 1001
0011 1101 0110 1000 0100 1111 0010
8 7
0101011 0001000 1010010 1100100 1011111 0011111 1001000 1101011
1110101 0111010 0101111 0011100 1010111 0000011 0001101 0010000
10 10
0101000101 1001001101 1101110100 0111100011 1100110000 1010111110 0000001001 1011000010 0110011110 0010111011
1111001001 0010010101 0100000010 0001001110 1101000110 1000111011 0110110000 0011101000 1110110101 1001111111
4 4
1111 0011 0010 0001
0111 1011 1100 1010
8 5
00101 01100 01101 00100 00111 00110 01110 01111
11111 11100 10111 11101 10101 10110 10100 11110
10 10
0101010100 0010101000 1110001010 1001011000 0010100111 0001100000 1100010111 1101010011 0111111101 1010101111
0011101100 1100010111 1001000010 1100011000 1011101011 0111100111 0010101000 0100010000 0000110101 1111011111
3 6
000001 100001 010100
010101 111111 010100
4 7
0000011 1001000 1111010 0010011
0110101 0000111 1101110 1111110
4 9
111111000 010000000 111111100 010000100
110110101 011001101 110110001 011001001
10 10
0011100100 1100111111 0111011101 0110101000 1100000100 1001001001 0011010110 1000000010 0101111011 1010110011
1011010111 1111101110 0100110111 0010000000 1011100101 1101001000 0100001100 1110011011 0001111010 0000110001
10 10
1110011001 1000101111 1101000111 0010010111 1001000000 0011110010 1001111000 0111001100 0100111101 0110100010
1101111010 0010100000 1001000101 0111110000 1101000010 1100101101 0000111111 0011001110 1010011011 0110010101
10 10
1101101100 1101011010 0101000110 1100110010 1100000011 1010110011 0010001100 0010111101 0011110101 0011001001
1001101111 0110001111 0111001010 0110111110 1000000000 0111110110 0001000101 1110110000 1001011001 1000110001
10 10
0010001001 1001010011 0010100011 0101101110 1110011011 0111101100 0000010110 1101011000 1010100100 1101110101
1111001101 1101001111 0110111010 0010000101 1010101000 0101111001 0001110010 0101010100 1010000010 1000110111
4 7
0100001 1010111 1111011 1111101
1000011 0110101 1101001 1101111
10 10
0101101010 0000001001 0010010010 1110100110 1101111111 0001000100 1110000000 1011111101 0110011101 1001110011
0011011010 1111101110 0100001111 0000000011 0110000001 1000010110 1100111000 1011100001 0011111100 1101110101
10 10
1010110100 0101000110 0000101111 0010010111 1110001000 0010010011 1101011000 0101111100 1101101011 1011100001
1101101011 0001110000 0001110100 1000000010 0110100101 0011001100 1001010111 1110001000 0110011111 1110111011
10 10
0011101000 0111001010 0110000101 0001000110 1010101010 1000011101 0100111111 1001010001 1100110111 1111110000
1111100001 0111101001 0100101110 0001110100 0010001111 1101011011 0011000011 1000110110 1100010100 1010011000
10 10
1010100011 1110100110 0101111001 1011111001 0000010110 0100000111 0111001100 0110111010 1001011000 1001000101
0000000001 1110110001 1011011110 0111111111 1001101011 0100000100 1010100000 0101011110 0111100010 1000011101
6 5
10101 00110 10110 11101 00101 11110
00101 01101 11101 00110 11110 01110
8 5
01010 10101 10100 01011 00000 00010 00011 00001
10010 10011 11011 11001 01101 01100 11010 11000
10 10
1110011111 1110111100 0011100010 0000101110 0111011011 0101000000 1100001101 0000010101 1001100001 1011110010
0111100101 0010110000 0111011110 1011111101 1001001100 1100000010 1110010001 1001101111 0100010010 0000101011
4 10
0101001111 0101110011 1100111010 1000110000
0001100001 1011111111 0001010101 0110100011
5 9
100000100 000001101 001101010 001101101 011010001
100101000 111000110 000010100 100101100 010110100
6 4
0010 0001 1101 0011 1111 0000
0101 1011 0111 0100 1001 0110
4 9
100001011 111101010 011110000 000010001
111001111 000110100 100101110 011010101
7 8
01000100 01100000 00011000 01110011 01110101 00010101 10011010
01011010 11011000 10000100 10100000 11010101 10110011 10110101
3 5
11010 10010 10001
10011 10110 11111
8 9
001010101 000110111 100110010 110010110 001101100 111010010 101100001 101100011
001011101 101101011 101101001 001100100 100111010 111011010 110011110 000111111
2 8
11110010 11000100
11001001 11111111
2 8
11101011 01011101
10101010 00011100
7 8
00111111 00111011 01001110 01000001 00011101 01010000 10010110
01010000 10010111 10011000 10111001 10011011 10111110 00011001
8 8
01110101 11000101 00001000 11000100 00001001 01110100 11000010 11000011
01001111 10000010 00110010 10000100 01001110 00110011 10000101 10000011
9 7
1110111 0000111 0000011 1110101 0100011 0110111 0110001 0011110 1101001
1010100 0000000 1101001 1110100 1000000 1110000 0000010 0011110 1000110
10 10
1001100000 1100100010 0110111111 1110000110 0000011101 0000110111 0111111000 1011001011 0001010000 1111001101
1111100010 0001111111 1100001101 0110010000 1011100100 0000011000 1001001111 0111010111 0000110010 1110101001
10 10
1010101100 1010001101 1110100111 0101011011 1111110000 0101001000 0011100011 0100010111 1000111100 0001010010
1110111111 0100010100 1001110011 0101011000 0100000111 1011000010 0000011101 1011100011 1111101000 0010101100
10 10
0000110101 1001110000 1001001011 0111001100 1010100110 1110011010 0111110001 1110101111 0101000110 0000011001
0011101110 1101000001 1101110100 0110011101 1010010000 1010101011 0011000010 0100101010 1001111101 0100010111
9 7
0001001 0000110 0011100 1011011 1111101 0011011 0110001 1101011 0010111
1000110 1111001 1001100 1001011 0011100 1110001 1010010 0000110 1001101
4 4
1011 1000 0000 0011
1100 0111 0100 1111
8 8
11110001 00001000 01101010 01101000 11110011 10010001 01101100 11110101
00101000 01001000 10110001 11010101 11010011 01001010 11010001 01001100
10 10
0000001001 1110100010 1111111010 0101010111 0111111111 1010010100 1000110011 0001000001 1010101100 0101001100
1001110000 1100011110 1100100110 0111001011 0110000011 1110111001 0011011101 0001110101 0011000110 1000101000
10 10
0101100111 1010110101 0011011111 1011011000 0011000100 1100110000 0101001001 0100111010 1010000111 1100101010
1101100100 0010010001 0010001011 0100001110 0101100011 0100111100 1010000001 1011110010 1101111111 1011011100
6 9
010100010 110101100 100001100 111100000 000000101 001011010
010010101 010010100 111111110 110101101 010101110 000101011
8 8
11000001 00011000 11111000 10110100 10100000 10110001 01100110 00110001
01110110 00000110 11010001 01001111 00010111 10000110 10101111 00000011
8 10
0011000010 1001000010 1011011101 0100010100 1010101101 1111011000 0010010111 1100001110
0101110001 0010100010 0011010010 0000111101 1010111101 1101101011 0110100111 1011101000
10 10
0011001110 0010000101 1111101101 1100000000 0000111100 1111000011 0000110110 0110010001 1001111011 1101111010
1110110111 1110111101 0011110001 1100001110 0001001000 1101000101 0010001011 1000011010 0111110000 0001100110
10 10
1100000001 1010111100 0011111111 1001110101 0010011001 0110010011 1101100100 0010101110 0101001010 1101000010
1111010010 0100111110 1100011011 0011101101 0101011000 1011100101 0100001001 1011000011 0000110100 1010100110
10 10
1001100111 1111001000 0111011111 1000001110 0111111111 1000000001 0000110001 0110110110 0001101000 1110010000
1001100111 1110100001 1111001000 0001110000 0110011110 0001010000 1110101110 0000011001 0111000111 1000111111
4 7
0010000 1110111 1010010 0110101
1100111 0000000 1000010 0100101
9 7
1110000 0101000 1101100 1100000 0001000 0110011 0011000 1100110 1110111
1001001 0111111 0110101 0001100 0011011 0101110 0011000 1000010 1010111
1 10
0101100010
1101110110
4 4
0110 1011 1001 0100
0100 0110 1001 1011
6 4
0101 0100 1110 1111 1011 0001
0001 1110 1011 0100 0000 1010
10 10
0001001011 1000111001 1011001111 0110111110 0111110101 0110010000 1000000110 1011010100 0101101011 1100100000
0000101000 0000000110 1101101100 0111110011 1010011000 1110111110 0011010011 1110000001 1101110111 0001001101
5 5
11101 01100 01000 00001 11100
11110 01111 01011 11111 00010
10 10
1000111110 0111101010 0011100000 1100110001 0110000011 1010010101 1001011011 0001101111 1101001100 0110010100
1010001001 1111111101 1011110111 0101000110 0100100011 0110001000 1101110010 0001010001 0000101100 1010011110
10 10
1101111110 0100111000 1001101000 0010100010 0011010011 1001001111 1100010001 0010010101 0110001100 1111100111
0100011110 0100101001 0000110000 0101101111 1111110011 1111010100 1001011011 1010101101 1011000010 0010000100
6 8
11000011 00010100 00101110 10100000 01000111 01110101
00110000 01111010 10100100 11100011 10000000 01110111
10 10
1000110010 1110111010 1001000010 0101100101 0101001001 1110110111 0010001101 0101001100 1010111011 0011010100
0011011001 0011110101 1111111110 0100110001 1100000111 0101101000 0011110000 1000001011 1110001110 1000000110
8 10
1100111011 1100101010 0011000100 0010010100 0010010101 1101101010 1100111010 0010000100
0011010101 1101111011 0011000100 1101101010 0010010101 1100111011 0011000101 1101101011
8 6
001111 111011 100010 110110 101011 111000 011111 101101
000100 000101 110011 100100 100011 101010 101100 011010
2 9
110000001 110001101
000000010 000001110
6 10
0110100000 1100110110 0000011101 0111000000 1010101001 1000000101
1110001000 0111101001 1100111101 0100001011 0001010010 1101010011
4 7
0001010 1110101 1010100 0101011
0101010 1110100 0001011 1010101
10 10
0111001101 1110001110 1001110111 0010101101 0001110011 0111001010 0110010100 1000101010 1000010001 1101110000
0101111001 0101111110 1010011001 1100111101 1011000100 0000011110 1111000011 1010100010 0011000000 0100100111
2 10
1001101011 0100110100
1011101001 0110110110
4 6
100001 000101 110000 101011
100010 100111 000111 101011
10 10
1010100001 0000110000 0101010010 1100010100 1010101011 0101011101 1001101010 1110111101 0011000110 0111001111
1001001100 1011100101 0010101100 0000111110 0111000001 0010100011 1101011010 0100110111 1101010000 1110011011
8 6
110001 011011 010010 100110 010001 111011 110010 000110
110010 000110 010010 111011 011011 100110 110001 010001
7 10
1001111001 0110110001 1110100100 0011110001 1010111100 1101000011 0001001010
0111110001 1110111100 1101111001 0101001010 1010100100 0010110001 1001000011
6 7
0000100 0101001 0010110 0000000 0111011 0010010
0111111 0010110 0000100 0010010 0101101 0000000
10 10
1110111010 0000100010 1101000101 1010000001 0001111110 0010010001 0101101101 0111100110 1011011010 1100011101
1011001011 0110101100 1000110100 0001101000 0100011111 0011100011 1100001111 0111110000 1010010011 1101010100
1 4
0111
1100
10 10
1110100000 1101010011 1001000111 0001111111 0010011100 0001001101 0110001010 0111111010 1110110100 1000100001
0000000011 0101110001 0110010110 1010111110 1111011000 0110000010 1110101000 1001101111 0001100101 1001011101
2 5
10101 10110
10000 11000
10 10
0010111000 1110001011 1000001111 1001000100 0111011111 1001100011 0001100100 1110111000 0110110001 0101010110
1111101110 0110001001 0000110010 1001011001 1000110101 0011101110 0111100111 1000010010 0100000000 1111011101
4 6
011100 001011 010010 111101
100110 110111 110000 000000
1 5
00000
11001
6 6
010001 001111 110011 100111 010011 001110
000111 000101 111111 110111 011001 110110
4 10
0010110111 1100110111 0011001000 1101001000
0010110111 1101001000 0011001000 1100110111
8 10
0000001011 1001000111 1001100101 0010101011 1101100110 0100101010 0000101001 1011100111
1001000101 0100101000 0110001000 1101000110 1111000100 0000001001 1101100100 0100001010
10 10
1110111100 0101010110 0010000000 0100110011 0101001100 1001000011 0101101100 1010110011 1011111011 1010001101
1101011110 0010111011 1100010110 1110101110 1101100000 0101101101 0010000001 1001010001 0011011110 0010100001
10 10
0011001010 0001010011 0111100010 1000100111 1110011110 1001001100 1101100101 0110111000 0000111101 1110010001
1000001100 1111011110 1001100111 0000010011 0111111000 0001111101 1100100101 1111010001 0010001010 0110100010
10 10
1111110101 1110010010 0110001011 1000101100 0010011000 0101101010 1001000101 0011100001 0101110110 1000011111
1011000000 0110110101 1011011100 0110000110 0000111000 0111101111 1100110010 0001011111 1101001011 1000100001
10 10
0010101100 1000101000 0001000001 0100011111 1011100101 1010000010 0101111011 0111010010 1101010110 1110111101
1100111110 0011000111 0111111000 0100010011 1011101001 1110010111 1000000100 0010100000 0001101101 1101011010
1 4
0010
0001
10 10
1001010111 1110001100 1011010001 1101101011 0110010100 0100011011 0100110000 0001101110 1011101100 0010100011
0111111010 0000100001 1000111001 1100001110 1111000011 0101000001 0011000110 1010110110 1010011101 0101111100
10 10
1100010110 1100001111 0001000001 0100111111 1011110000 0110001100 0011100010 1010100001 1011011110 0101111001
0110101100 0000110111 0101011001 1001110100 1000100101 0111101010 1000001011 1111000011 0010010100 1111011010
3 4
1001 1100 0000
1110 1011 1111
2 10
0111100000 0100001111
0000001111 0011100000
10 10
0010111100 1010010010 1101100100 1110000010 0000111011 1000001011 0111000100 1001110011 0111001101 0101111101
0111010100 0100110101 1001100011 1110011100 1011011010 0000100101 0110101100 1001101010 1100011011 0011000011
8 6
110001 010101 111101 011101 010000 010111 011010 011110
010101 010100 011110 101100 000000 001101 001100 000001
8 10
0101010000 1101101010 1100100001 0000111000 1000000000 1110010011 1001100101 1101111101
1111100000 1110101011 0111011010 1011101111 1010001010 0010110010 1111110111 1100011001
10 10
0000111110 1010101101 1000001011 1111110011 1011010000 0100100010 0111010101 0101011101 1011001000 0100100110
0001100101 0101011110 0001111101 1110001011 1010010011 1101111000 1111110000 0010100110 1110001111 0000000000
3 5
01100 10111 10101
10010 11110 10111
