100
15
1 15
2 3
2 6
2 13
4 9
4 15
5 6
7 8
7 15
8 11
8 14
9 13
10 11
10 12
15
1 2
1 3
2 13
3 9
4 7
4 12
5 14
6 12
6 15
8 10
9 11
10 15
12 14
13 15
15
1 15
2 4
2 5
2 12
2 15
3 4
3 11
4 7
4 8
6 15
9 11
10 15
11 13
14 15
15
1 4
2 8
2 13
2 14
3 10
4 12
5 7
5 12
6 8
9 12
9 15
10 15
11 15
12 13
7
1 2
1 3
2 4
3 7
4 5
4 6
9
1 4
2 5
3 4
3 8
4 6
5 7
7 9
8 9
15
1 11
1 15
2 6
3 12
4 14
5 8
6 12
6 14
7 13
7 15
8 12
9 14
10 11
12 15
15
1 5
1 6
1 10
2 11
2 15
3 7
3 8
4 6
4 13
6 8
8 14
9 12
10 12
11 12
15
1 3
1 15
2 6
3 12
4 9
5 15
6 7
6 11
6 13
7 9
8 10
8 13
8 15
14 15
2
1 2
15
1 7
1 8
1 10
1 15
2 14
3 11
3 14
4 6
4 9
4 13
5 8
8 12
9 15
11 15
15
1 6
1 13
2 5
2 7
2 9
3 9
4 5
5 10
5 14
6 7
7 15
8 15
11 15
12 13
7
1 5
2 3
3 4
4 5
4 6
5 7
15
1 4
2 4
3 4
4 12
5 9
5 10
5 13
6 12
7 9
8 14
11 13
12 14
13 14
14 15
15
1 7
1 8
2 4
2 8
3 6
3 12
4 14
5 15
8 9
8 15
10 12
10 13
11 14
12 15
15
1 2
2 3
3 4
4 5
5 6
6 7
7 8
8 9
9 10
10 11
11 12
12 13
13 14
14 15
15
1 13
2 10
3 7
3 10
4 5
4 6
4 9
5 13
6 10
6 12
6 15
8 10
10 11
12 14
15
1 12
2 7
3 6
3 8
4 9
4 14
4 15
5 6
5 11
5 12
6 13
7 14
8 10
8 15
4
1 2
2 3
3 4
15
1 7
2 4
2 8
3 6
3 10
3 12
4 12
5 8
6 9
7 14
10 11
12 13
12 15
13 14
13
1 5
1 6
1 7
1 10
2 5
2 8
2 11
3 5
3 13
4 6
8 9
8 12
15
1 3
2 14
2 15
3 4
4 6
4 9
5 12
6 15
7 9
7 11
8 9
8 10
12 13
13 14
15
1 2
1 3
2 4
2 8
4 10
4 13
5 7
5 14
6 12
8 15
9 13
11 12
11 13
14 15
15
1 6
1 11
2 4
2 5
2 14
3 8
3 11
4 8
4 9
5 10
6 7
9 15
10 13
12 13
15
1 14
1 15
2 3
2 4
3 7
5 8
6 10
7 10
7 11
7 13
7 15
8 14
9 10
12 14
15
1 2
1 8
2 13
3 6
3 9
4 5
4 15
5 10
5 12
6 10
7 10
7 14
8 11
11 14
15
1 3
1 4
1 9
2 11
4 7
5 10
5 12
6 7
6 8
7 10
7 15
8 14
11 14
13 14
15
1 3
1 6
2 9
2 12
3 5
4 9
5 10
6 14
7 14
8 12
9 13
10 13
11 15
14 15
15
1 5
1 10
2 12
2 15
3 6
4 12
4 13
5 8
6 10
7 10
8 9
8 13
9 14
11 12
15
1 4
1 13
2 9
3 4
3 9
4 15
5 7
5 10
5 13
6 8
8 14
9 12
11 15
14 15
15
1 2
2 10
2 13
3 10
4 15
5 8
5 14
6 12
7 13
9 12
11 12
11 15
12 13
13 14
15
1 5
1 12
2 6
2 12
3 14
4 8
6 14
7 12
8 15
9 10
9 12
11 15
12 13
12 15
15
1 4
1 5
1 6
2 8
2 10
3 7
3 14
4 11
4 12
6 13
6 14
6 15
8 14
9 14
15
1 3
1 4
1 8
2 7
3 7
5 6
5 10
5 12
8 11
9 11
9 15
10 11
10 14
12 13
15
1 6
1 11
1 14
2 14
3 6
4 5
4 14
5 12
6 9
7 10
7 13
8 14
12 13
13 15
15
1 8
2 3
2 4
2 6
3 7
3 12
4 9
4 10
5 11
6 11
8 11
9 13
10 15
14 15
15
1 5
2 12
3 6
3 11
4 10
4 15
5 10
6 10
7 14
8 12
9 11
9 12
9 14
10 13
5
1 2
2 5
3 5
4 5
15
1 6
2 13
3 9
3 12
4 5
4 8
4 10
6 12
7 8
7 11
7 13
10 14
11 12
13 15
8
1 8
2 5
3 5
3 7
4 5
4 8
6 7
15
1 3
2 12
2 15
3 7
3 9
4 11
5 13
6 10
6 14
7 8
7 10
9 13
11 12
12 14
6
1 3
1 4
2 5
3 5
4 6
15
1 4
1 10
2 7
2 9
2 14
3 15
5 11
5 12
6 14
6 15
7 13
8 14
10 11
10 14
15
1 15
2 14
2 15
3 6
3 12
4 8
4 9
5 9
6 13
7 9
7 10
8 13
9 14
11 13
3
1 2
1 3
15
1 10
2 5
2 7
2 14
3 12
4 6
4 8
7 8
7 10
7 15
9 10
11 15
12 14
13 14
15
1 8
1 15
2 3
2 9
3 7
3 13
4 8
4 13
5 12
5 15
6 12
8 14
10 15
11 13
15
1 4
1 9
1 13
1 15
2 4
2 8
2 10
3 5
5 15
6 8
7 13
9 14
11 12
12 14
15
1 7
1 8
2 11
2 15
3 12
4 15
5 9
5 13
5 14
6 8
6 9
7 12
10 15
11 14
15
1 5
2 3
2 5
2 6
2 11
3 14
4 9
5 7
6 8
6 9
7 10
7 15
8 13
12 15
15
1 2
1 12
2 4
2 8
2 10
3 14
5 6
5 14
7 8
7 9
8 11
9 13
10 14
10 15
15
1 9
2 10
2 15
3 7
3 15
4 5
4 9
5 6
5 12
7 11
7 13
7 14
8 14
12 14
15
1 2
1 3
1 4
1 5
1 6
1 7
1 8
1 9
1 10
1 11
1 12
1 13
1 14
1 15
14
1 12
2 6
3 6
4 9
4 14
5 14
6 8
6 11
6 12
7 11
7 13
8 10
10 14
15
1 15
2 7
2 12
3 4
3 10
3 15
4 6
5 11
7 9
8 10
10 13
10 14
11 12
12 14
15
1 5
1 13
2 4
2 13
3 5
6 13
6 15
7 13
7 14
8 10
8 13
9 11
10 11
11 12
15
1 5
2 6
2 8
3 5
3 10
3 12
4 14
7 13
7 14
7 15
8 11
8 13
9 11
10 13
15
1 3
1 7
1 15
2 4
2 8
2 11
2 14
3 11
4 10
5 9
6 9
8 13
9 10
10 12
15
1 2
1 5
1 14
3 11
4 7
5 6
5 9
5 10
6 13
7 11
7 12
8 10
8 11
9 15
15
1 2
1 14
3 7
3 8
3 11
3 13
4 8
5 15
6 14
6 15
7 10
8 14
9 13
12 13
15
1 4
1 8
2 13
2 15
3 4
4 6
4 11
4 14
5 9
5 14
7 11
8 10
10 15
12 14
15
1 2
1 14
2 7
3 11
3 12
4 13
4 14
4 15
5 10
6 12
6 14
8 14
9 14
10 15
15
1 5
2 5
2 6
3 14
4 9
5 13
6 11
6 12
7 14
7 15
8 10
8 13
9 10
13 15
15
1 12
2 4
3 5
3 10
3 13
4 7
6 11
7 9
7 15
8 10
8 11
9 11
9 12
12 14
15
1 9
2 6
3 5
3 15
4 7
4 12
4 13
5 7
5 14
6 8
6 10
9 15
10 15
11 13
15
1 6
1 11
2 15
3 8
4 5
4 8
6 10
7 8
7 10
9 14
10 12
10 14
11 13
14 15
15
1 10
2 9
2 12
2 13
3 10
3 11
4 11
4 13
4 15
5 12
5 14
6 7
7 10
8 14
15
1 8
1 9
2 7
2 8
3 4
3 15
4 5
4 11
5 14
6 15
8 13
9 15
10 15
12 14
15
1 4
1 15
2 8
3 13
4 12
5 12
6 13
6 14
7 10
7 11
7 14
7 15
8 11
9 12
15
1 9
1 12
2 6
2 15
3 5
3 14
4 14
5 8
6 13
7 11
8 15
9 11
10 14
12 14
15
1 2
2 4
2 8
3 14
3 15
5 12
6 8
6 13
7 9
7 12
8 11
8 14
10 14
12 14
10
1 7
1 10
2 6
2 10
3 8
3 10
4 5
4 8
4 9
15
1 9
2 4
2 9
3 7
3 9
3 15
5 8
5 11
5 14
6 7
6 13
9 12
10 11
11 15
15
1 12
2 6
3 10
3 11
3 13
4 5
4 11
4 14
6 11
6 15
7 14
8 13
9 12
11 12
15
1 3
1 5
1 12
2 8
2 14
3 9
4 12
5 6
6 10
7 8
7 13
8 10
10 11
11 15
15
1 2
2 12
3 6
3 10
3 12
4 10
5 12
7 15
8 15
9 10
11 12
12 13
13 15
14 15
15
1 4
1 9
2 9
2 10
3 5
3 6
4 13
5 14
7 15
8 14
9 14
10 15
11 15
12 15
15
1 11
1 14
1 15
2 6
3 6
3 11
3 13
4 10
5 9
6 7
8 9
8 13
10 14
12 14
15
1 5
1 10
2 5
2 6
3 9
3 13
4 7
5 9
5 11
7 10
7 15
8 11
8 12
10 14
15
1 7
1 8
2 6
3 4
3 8
3 15
4 6
4 9
4 12
4 13
4 14
5 10
5 15
11 13
15
1 3
2 5
2 9
3 15
4 9
5 14
6 11
7 12
7 13
8 13
10 11
10 13
11 14
11 15
15
1 9
1 11
2 4
2 13
3 8
4 7
5 7
5 12
6 12
6 14
8 10
10 11
10 15
12 15
15
1 7
1 8
1 9
2 4
3 9
4 10
4 13
5 8
6 8
7 11
10 12
11 13
12 14
13 15
15
1 5
1 9
2 3
2 10
2 15
4 10
6 13
7 8
8 12
8 14
9 14
9 15
10 11
12 13
15
1 3
1 4
1 5
1 13
2 15
4 10
4 15
5 14
6 10
7 8
7 12
9 11
9 13
12 14
15
1 9
1 11
1 14
2 5
2 14
3 4
3 8
3 9
4 15
6 13
7 10
7 15
10 12
10 13
12
1 12
2 7
3 9
4 7
5 8
5 11
6 11
7 8
9 11
9 12
10 12
15
1 9
1 12
2 7
3 12
3 14
4 11
5 9
6 11
6 12
7 10
8 10
9 13
10 14
13 15
11
1 6
2 10
2 11
3 10
4 8
4 9
5 8
5 11
6 10
7 8
15
1 4
1 8
2 10
3 9
3 14
4 7
5 9
6 7
6 11
6 13
7 15
9 11
10 13
12 13
15
1 6
1 7
2 9
2 15
3 4
4 8
5 8
5 11
5 14
7 12
9 10
9 11
9 12
13 15
15
1 2
1 15
2 3
2 12
3 13
4 10
5 8
5 12
6 7
6 11
7 8
9 12
10 12
13 14
15
1 8
2 12
2 13
3 7
3 8
3 9
4 8
5 6
6 13
7 12
9 11
10 14
11 15
12 14
15
1 5
1 12
2 11
2 15
3 9
3 10
4 9
5 15
6 7
7 10
7 14
8 13
8 14
12 14
15
1 3
1 11
2 10
3 4
3 7
3 9
4 12
5 7
6 9
6 14
7 13
7 15
8 15
9 10
15
1 5
1 7
1 10
2 3
2 6
2 8
2 13
4 13
6 12
6 15
7 9
9 13
9 14
10 11
15
1 2
1 7
2 13
2 14
3 10
3 15
4 6
4 10
5 8
5 10
6 14
8 9
11 14
12 15
15
1 3
1 12
2 5
2 8
2 10
3 6
3 14
4 7
4 12
5 11
7 10
9 15
13 14
14 15
15
1 2
2 8
2 11
3 10
4 8
4 15
5 10
5 12
5 15
6 9
7 11
8 14
9 11
13 15
15
1 7
1 9
1 11
1 14
2 13
3 9
4 11
5 8
5 9
6 14
9 12
10 11
10 15
12 13
